%% Fult prisma
pf1 = [1/2 -0.5];
pf2 = [-1/2 0.5];

%% Ful lins
pf1 = [1/1.5 0 -0.3];
pf2 = [-1/1.5 0 0.7];

%% Snygg sfärisk lins
pf1 = [-1/16 0 -1/8 0 -1/2 0 1/2-0.8];
pf2 = -[-1/16 0 -1/8 0 -1/2 0 1/2+0.8];