pf1 = [1/2 -0.5];
pf2 = [-1/2 0.5];

pf1 = [1 0 -0.5];
pf2 = [-1 0 0.5];